33.33333333333334
36.507936507936506
42.76527331189712
34.62783171521036
34.20195439739413
34.20195439739413
32.03883495145632
32.24755700325733
32.89902280130292
33.7704918032787
31.715210355987068
32.36245954692558
34.42622950819671
36.87707641196013
33.22368421052633
33.33333333333334
36.87707641196013
35.69023569023568
34.782608695652186
36.70033670033669
33.77926421404683
34.45945945945945
34.34343434343435
31.35313531353134
33.88704318936877
31.023102310231025
26.645768025078368
29.02208201892745
35.369774919614144
39.100346020761236
41.34275618374559
40.569395017793596
39.5017793594306
38.35125448028674
38.35125448028674
41.45454545454547
42.12454212454213
41.09090909090909
41.09090909090909
42.960288808664274
43.682310469314075
41.935483870967744
42.34875444839858
41.63701067615659
41.63701067615659
41.69611307420496
41.34275618374559
41.34275618374559
37.97909407665506
45.45454545454547
43.06049822064057
43.1095406360424
41.34275618374559
40.63604240282686
41.754385964912274
43.15789473684211
48.7544483985765
46.31578947368422
44.94773519163763
43.94463667820068
41.216216216216225
44.7098976109215
45.392491467576804
43.771043771043765
43.812709030100336
43.43434343434345
43.72881355932202
42.192691029900345
42.52491694352159
40.863787375415285
38.94389438943895
45.544554455445535
42.671009771986974
41.69381107491856
41.36807817589576
38.11074918566774
36.56957928802589
33.012820512820525
32.165605095541395
32.37179487179486
32.69230769230768
29.559748427672957
31.528662420382176
30.89171974522293
26.23456790123457
26.380368098159508
27.77777777777777
26.708074534161497
29.487179487179475
33.221476510067106
34.01360544217687
35.616438356164394
33.67346938775509
32.77027027027026
31.418918918918905
36.01398601398603
32.87671232876713
34.121621621621614
32.33333333333334
32.33333333333334
31.25
29.220779220779207
28.387096774193537
26.433121019108285
24.6875
23.602484472049696
24.6875
24.842767295597483
20.731707317073173
28.616352201257854
39.04109589041096
33.44594594594594
27.922077922077918
24.68354430379746
21.604938271604937
18.484848484848484
13.662790697674424
12
9.550561797752806
3.7433155080213965
3.2085561497326154
5
5.0847457627118615
3.932584269662925
9.82142857142857
11.890243902439025
12.269938650306742
20.065789473684205
23.15436241610739
24.48979591836735
27.77777777777777
28.671328671328666
29.37062937062936
30.281690140845058
27.77777777777777
28.873239436619713
29.787234042553195
31.8840579710145
32.60869565217391
31.428571428571416
41.86046511627907
38.84615384615384
41.86046511627907
43.02325581395348
43.410852713178286
40.69767441860466
35.9848484848485
36.259541984732834
35.877862595419856
34.586466165413526
31.985294117647072
32.59259259259258
32.59259259259258
32.96296296296296
34.45692883895131
36.12167300380227
38.6100386100386
39.38223938223939
37.54789272030652
35.90733590733592
36.575875486381335
36.575875486381335
35.90733590733592
39.92094861660078
41.832669322709165
33.33333333333334
33.33333333333334
33.96226415094338
33.96226415094338
35.205992509363284
36.704119850187254
39.463601532567054
38.996138996138995
40.78431372549019
41.19999999999999
43.85245901639345
43.03278688524591
42.21311475409837
40.57377049180329
38.934426229508205
38.11475409836066
35.080645161290334
35.365853658536594
36.77685950413223
35.080645161290334
39.430894308943095
36.178861788617894
34.016393442622956
33.196721311475414
31.300813008130092
31.55737704918033
34.87394957983193
31.25
28.512396694214885
30.932203389830505
28.991596638655466
28.991596638655466
28.75
28.75
30.08474576271186
30.08474576271186
28.151260504201673
25.609756097560975
28.75
29.83193277310923
25
24.380165289256198
26.66666666666667
28.571428571428584
28.991596638655466
22.357723577235774
13.15789473684211
11.654135338345867
16.796875
21.721311475409834
25.104602510460253
26.4957264957265
26.4957264957265
26.92307692307692
31.739130434782595
30.86956521739131
30.53097345132744
34.07079646017698
37.5
37.82608695652175
37.610619469026545
33.48214285714286
25.652173913043484
34.76190476190476
37.07317073170731
39.80099502487562
38.80597014925374
44.102564102564116
51.07526881720429
59.428571428571416
60.80691642651297
66.66666666666666
65.45454545454547
66.66666666666666
66.66666666666666
69.93865030674846
70.98765432098764
72.22222222222223
72.22222222222223
71.34146341463415
70.48192771084337
69.46107784431138
63.11239193083574
67.45562130177515
72.89156626506025
70.64220183486239
69.75308641975309
80.12820512820514
81.9935691318328
82.58064516129033
84.96732026143792
84.96732026143792
86.27450980392157
86.27450980392157
88.88888888888889
87.58169934640523
83.66013071895424
85.78878748370272
88.15104166666669
92.70833333333334
90.50715214564369
94.33465085638997
90.50715214564369
94.75409836065575
98.01324503311258
98
96.68874172185431
95.36423841059602
98.02631578947367
98.02631578947367
98.02631578947367
98.02631578947367
99.34210526315789
98.68852459016392
101.31147540983608
101.97368421052633
100.65359477124184
102.64026402640263
102.64026402640263
104.63576158940398
105.94059405940595
105.94059405940595
106.57894736842104
106.6225165562914
110.8108108108108
113.51351351351352
114.86486486486487
112.16216216216216
112.88135593220338
116.72240802675586
113.15789473684211
111.84210526315789
100.67340067340066
97.97979797979798
102.75862068965517
96.63299663299662
98.64864864864865
106.99300699300699
109.9290780141844
125.68093385214007
121.70542635658916
119.54887218045113
111.51079136690649
117.64705882352942
123.88059701492537
125.5639097744361
129.43396226415095
125.83025830258302
125.64102564102564
128.78228782287823
135.20599250936328
135.82089552238807
145.21072796934865
146.74329501915707
146.15384615384616
159.0038314176245
151.34099616858236
143.67816091954023
128.125
134.9206349206349
141.5686274509804
146.4
148.8188976377953
157.14285714285717
157.8125
151.5151515151515
154.8148148148148
167.17557251908397
171.7557251908397
157.9310344827586
158.5858585858586
173.99267399267399
163.7362637362637
169.20152091254755
174.9034749034749
174.50980392156862
154.54545454545453
158.26771653543307
160.8
162.39999999999998
150
150.20576131687244
150.42016806722688
146.02510460251045
146.02510460251045
142.01680672268907
138.33333333333334
141.35021097046413
137.65690376569037
136.66666666666666
138.01652892561984
135.68464730290455
134.02489626556016
127.16049382716051
125.51440329218107
124.39024390243901
128.57142857142858
113.22314049586777
116.66666666666666
116.80672268907563
124.34782608695653
126.31578947368422
127.81456953642385
126.31578947368422
128.0701754385965
133.6283185840708
131.858407079646
122.03389830508473
116.260162601626
117.88617886178861
129.53586497890296
125
134.7826086956522
141.07142857142858
142.85714285714286
138.39285714285714
132.7433628318584
133.33333333333334
127.19298245614036
128.94736842105263
114.93775933609959
133.63636363636363
133.63636363636363
182.77356446370533
181.70546008266263
176.50273224043718
174.91785323110628
191.16684841875679
195.6810631229236
198.79140555058194
198.0877390326209
198.42342342342346
200.67567567567568
208.8235294117647
202.0361990950226
197.6054732041049
197.70114942528738
194.45727482678984
195.13888888888886
189.35185185185185
180.78250863060987
179.1762013729977
183.72093023255815
187.05882352941177
190.13079667063022
189.44246737841047
194.18742586002372
190.78014184397165
183.0409356725146
190.39812646370024
188.03716608594658
183.0840046029919
183.0840046029919
181.4302191464821
179.24010070954455
181.14285714285717
178.59569648924122
176.33069082672705
168.01801801801804
172.2159730033746
171.60493827160496
164.8709315375982
165.9217877094972
165.9217877094972
166.9632925472747
167.260579064588
163.09921962095876
160.77348066298345
162.40352811466374
165.19337016574588
165.78073089700996
161.82618261826178
168.42684268426842
173.12775330396477
166.51982378854626
166.2266226622662
164.6085997794928
161.53846153846155
160.96491228070175
193.2745314222712
193.92265193370167
193.92265193370167
182.8729281767956
169.6132596685083
158.56353591160223
157.14285714285717
157.14285714285717
157.14285714285717
150
146.9945355191257
148.35164835164835
154.94505494505495
158.0210904195647
145.6140350877193
146.15384615384616
161.36363636363637
140.54982817869416
133.75142531356897
136.8886269888038
129.81732469063053
114.78060046189378
103.48837209302326
89.65517241379311
89.65517241379311
89.65517241379311
86.20689655172413
87.71726535341833
88.37209302325581
89.53488372093022
88.37209302325581
87.71726535341833
89.25233644859816
88.50574712643677
95.00594530321047
103.68098159509202
106.2111801242236
104.90797546012269
112.88343558282207
108.64197530864197
104.375
101.85185185185185
97.5609756097561
91.41104294478527
91.97530864197532
88.88888888888889
82.14285714285714
93.67088607594937
101.31578947368422
98.7012987012987
98.7012987012987
100.52287581699346
98.19354838709677
98.19354838709677
95.66878980891721
99.74025974025977
100.52287581699346
98.43137254901964
99.73684210526318
103.70860927152322
103.33333333333334
101.33333333333334
104.05405405405406
102.68456375838926
108.27586206896552
109.36639118457302
108.21917808219177
106.80272108843536
108.21917808219177
104.0268456375839
103.33333333333334
104.69798657718121
105.36912751677852
104
99.34210526315789
100.66225165562915
100
99.34210526315789
99.34210526315789
98.0392156862745
98.69281045751634
98.03278688524591
93.4640522875817
93.4640522875817
90.96774193548387
93.4640522875817
91.55844155844156
91.02564102564102
89.80891719745222
88.60759493670886
92.40506329113924
94.87179487179486
100
90.78947368421052
90.78947368421052
95.39473684210526
97.33333333333334
90.66666666666666
75.30695770804911
75.30695770804911
76.7123287671233
82.1917808219178
84.93150684931507
90.41095890410958
90.41095890410958
88.88888888888889
86.11111111111111
84.72222222222223
83.1081081081081
83.1081081081081
84.45945945945945
80.66666666666666
75.65789473684211
83.56164383561645
88.73239436619718
84.84419263456093
85.05388542257518
86.10952652595549
85.95041322314049
86.42857142857142
86.42857142857142
86.86131386861314
84.78260869565219
84.78260869565219
81.15942028985506
83.52601156069363
82.08092485549133
87.2340425531915
87.2340425531915
90.14084507042253
81.94444444444446
81.94444444444446
104.82758620689654
105.11049723756904
88.53591160220992
88.01652892561984
81.37931034482759
73.46938775510205
73.46938775510205
79.83651226158037
72.7891156462585
69.83695652173915
68.9189189189189
67.56756756756758
64.1891891891892
60.81081081081081
59.33333333333334
58.06878306878309
56.57894736842104
60
51.923076923076934
48.883374689826326
50.9433962264151
57.14285714285714
53.50318471337579
60.66666666666666
62
58.823529411764696
58.70967741935485
57.55627009646301
53.74841168996187
52.56410256410257
53.548387096774206
52.31788079470198
52.50836120401337
54.29155313351498
54.05405405405406
51.595744680851055
47.90575916230367
44.87179487179486
56.49867374005305
66.21621621621622
56.687898089171966
71.7391304347826
84.61538461538461
81.3880126182965
81.52350081037275
83.90804597701151
84.8184818481848
88.33333333333334
91.91919191919192
92.56756756756755
90
100.83333333333334
83.33333333333334
59.13793103448276
64.82142857142858
65.35971223021582
64.568345323741
64.20863309352518
62.118491921005386
61.827956989247326
59.85688729874778
59.03398926654742
57.7264653641208
56.73758865248229
56.73758865248229
56.73758865248229
55.49645390070921
53.710247349823305
52.112676056338046
53.46358792184725
53.46358792184725
53.533568904593636
54.14462081128747
50.816181689141246
52.329749103942646
51.60714285714286
50.178571428571416
48.415492957746494
48.415492957746494
48.102600140548134
48.42105263157896
48.4375
48.96193771626298
53.75
56.294964028776974
56.294964028776974
55.935251798561154
58.51449275362319
56.25
57.678571428571416
57.678571428571416
58.571428571428584
57.624113475177296
59.03398926654742
68.11320754716982
70.03816793893131
72.7799227799228
74.90272373540856
78.01980198019803
78.52882703777337
75.88235294117646
76.7578125
76.7578125
76.96519358623385
77.05882352941177
78.58546168958742
78.58546168958742
79.62413452027695
79.62413452027695
81.87274909963986
82.1285140562249
82.73092369477914
81.4
82.1285140562249
83.9430894308943
85.45081967213116
72.05323193916348
88.93528183716074
94.6236559139785
96.12068965517241
100.44052863436124
104.95495495495496
105.22727272727272
93.77682403433477
114.78873239436618
119.23076923076923
120.82324455205813
123.47740667976424
115.7920549288867
114.28571428571428
107.66030347528144
106.95121951219511
111.21951219512195
110.48780487804879
110.48780487804879
112.1951219512195
113.13081822635962
113.13081822635962
112.81800391389436
112.71393643031786
111.51960784313727
108.53540252182347
109.8735408560311
108.17120622568092
111.5758754863813
103.33655705996131
96.48023143683702
96.85990338164251
93.69586140519729
96.19643716899375
96.66988416988417
93.33011116481393
93.98642095053344
97.0802919708029
100.29311187103079
99.75490196078434
98.43214110730034
98.0440097799511
105.078125
93.15403422982885
87.19211822660097
88.11881188118812
91.06699751861044
90.59405940594061
89.35643564356437
92.30769230769232
92.69020387866735
93.26683291770573
96.6432865731463
92.21168247628557
91.7293233082707
96.96189495365601
90
84.72291562656014
87.53167764825139
89.5674300254453
84.1036058913154
84.07707910750506
86.35902636916836
86.26457171819564
84.81012658227849
87.75201612903226
89.10741301059002
88.32153690596562
88.51214574898788
89.10741301059002
93.08943089430895
92.60204081632651
94.9717804002052
95.4732510288066
95.6745623069001
97.16494845360828
97.06336939721794
97.77662874870734
99.11504424778761
100.0523012552301
100.36194415718717
97.36842105263159
102.5974025974026
103.01926080166578
105.60502881089576
107.3490813648294
107.02306079664572
104.1343669250646
106.89655172413791
107.2192513368984
107.9912424740011
110.75984470327231
112.76595744680853
111.81716833890749
107.75623268698061
104.8630519843488
106.36261261261262
107.29638009049773
105.63380281690141
105.86576424139875
106.44796380090497
106.44796380090497
105.63380281690141
102.70270270270274
101.45495243424733
108.33333333333334
106.47321428571428
106.24303232998886
109.38023450586263
103.6830357142857
103.91061452513969
97.88182831661095
96.98660714285711
95.97540525433203
96.30459126539753
96.47256438969768
95.858981533296
95.74944071588368
94.03824521934757
94.36619718309859
94.91525423728814
93.8202247191011
97.92251544076359
97.70050476724623
97.70050476724623
98.32402234636874
100.55710306406687
102.28794642857142
102.74049217002238
102.23463687150843
101.78372352285402
103.13374370453269
106.34475014037056
106.69291338582676
105.88235294117646
105.94837261503932
107.909604519774
108.0271339739966
109.63172804532579
109.51302378255946
109.39445387662704
113.12872975277068
113.06818181818181
114.52894438138475
114.68926553672318
111.14864864864867
127.55505364201014
126.78671918964545
123.44013490725126
115.6862745098039
120.87788407428249
111.26760563380282
111.26760563380282
115.2504220596511
118.30985915492957
119.38487584650113
121.08843537414964
120.83805209513022
119.54674220963176
113.51809954751133
110.68207440811722
109.27601809954751
109.86954055587069
111.83098591549296
114.72737492973584
117.87709497206706
106.12813370473538
105.2135330005546
117.33111849390917
90.71310116086235
79.45886250690228
70.63053097345136
70.81949058693243
68.23204419889501
67.21854304635761
64.08839779005524
63.636363636363654
63.53591160220992
67.13091922005572
67.5977653631285
58.64332603938729
58.64332603938729
53.761669412410754
52.74725274725276
54.53029460811561
55.15320334261838
54.89432703003337
54.48504983388702
56.2325321408608
56.40738668158929
54.690071311025775
54.774972557628985
56.05976757055893
57.190635451505045
57.9831932773109
59.90990990990994
60.997732426303855
59.7616345062429
59.580498866213134
61.5296803652968
62.23373632700057
61.954022988505756
61.27167630057804
67.4641148325359
63.742690058479525
67.05882352941177
66.56891495601172
66.96061140505586
69.80906921241052
70.55655296229801
73.67788461538461
75.04542701393098
70.00607164541591
68.2808716707022
68.79174256223439
68.7041564792176
69.01408450704227
69.69696969696969
70.31630170316305
70.31630170316305
